1 64
1 67
1 1435
1 6
2 1194
4 64
9 10
9 11
9 12
13 22
15 22
16 22
19 22
20 22
21 22
22 1024
22 1025
22 1029
22 522
22 523
22 524
22 526
22 1042
22 24
22 25
22 26
22 27
22 28
22 29
22 30
22 31
22 32
22 33
22 3107
22 3119
22 3120
22 3123
22 3127
22 3129
22 3136
22 578
22 579
22 580
22 3142
22 3143
22 3145
22 525
22 527
22 528
22 4027
22 1043
22 136
22 3732
22 675
22 180
22 181
22 2232
22 3105
22 723
22 725
22 727
22 728
22 2277
22 1256
22 237
22 240
22 1301
22 790
22 793
22 3901
22 2375
22 846
22 847
22 848
22 849
22 3934
22 1375
22 3440
22 1393
22 1394
22 1397
22 2934
22 1413
22 1427
22 931
22 932
22 429
22 430
22 431
22 433
22 434
22 436
22 437
22 438
22 440
22 4025
22 4026
22 443
22 4028
22 971
22 3537
22 978
22 3070
22 1021
22 1022
22 1023
26 180
26 596
27 180
27 364
28 180
29 180
31 180
38 2821
38 1260
38 3212
38 3213
38 3100
38 3110
38 39
38 40
38 41
38 42
38 43
38 44
38 45
38 46
38 47
38 3113
38 3894
38 984
38 3034
38 3291
38 2527
38 3041
38 1638
38 362
38 3111
38 2028
38 3822
38 2423
38 2424
38 2427
40 984
51 232
51 3308
51 1357
51 1358
51 3315
51 3323
52 827
52 1356
55 2153
55 483
56 251
57 251
58 251
59 251
60 513
60 515
60 516
60 1682
60 1435
60 2204
60 1056
60 1314
60 1059
60 1316
60 1317
60 1318
60 1319
60 444
60 61
60 63
60 2272
60 67
60 3106
60 726
60 88
60 221
60 478
60 480
60 481
60 1010
61 480
61 481
61 514
61 67
61 516
61 1317
61 1318
61 1569
61 1319
61 2272
61 515
61 513
61 444
61 221
61 478
62 1414
63 64
63 65
63 3106
63 3429
63 513
63 1010
63 1460
63 2938
64 514
64 65
64 529
64 1010
64 513
64 1435
65 513
65 834
65 3205
65 1010
65 1304
65 1178
65 1406
66 3106
66 315
67 3106
67 1316
67 1319
67 221
67 513
67 516
67 478
68 3322
69 3328
69 3322
69 5122
70 73
71 75
72 73
74 75
75 183
86 89
86 892
86 93
86 95
87 89
87 892
87 93
87 95
88 224
88 876
88 3001
88 3359
88 221
88 222
88 223
89 96
89 97
89 892
89 567
89 893
89 3728
89 92
89 93
90 1178
90 91
90 1194
90 95
91 1178
91 550
91 95
92 736
92 1449
92 1420
92 892
92 93
93 96
93 892
93 94
94 892
94 95
95 694
95 337
95 2584
95 348
95 349
95 2490
96 892
97 892
99 3322
107 126
108 1194
111 536
111 1194
111 132
115 536
115 1050
115 132
115 1194
115 1198
118 3552
118 2386
118 3682
118 3117
121 1600
126 536
126 132
126 390
130 536
130 132
130 605
131 536
131 132
132 685
132 197
132 486
132 391
132 392
132 2386
132 194
132 718
132 530
132 532
132 414
132 536
132 3093
134 563
134 564
134 565
134 927
136 1194
136 180
140 2865
140 2866
147 3328
147 3329
147 3330
147 3332
147 2725
147 3334
147 3336
147 4939
147 3628
147 3730
147 4648
147 1746
147 3411
147 3381
149 1194
149 1724
162 483
162 438
162 616
162 1315
162 1590
162 411
162 479
165 3979
165 1717
170 4152
171 174
172 174
173 174
174 3576
174 175
174 176
174 177
174 178
174 179
174 1240
176 1240
180 1024
180 1025
180 1413
180 931
180 932
180 428
180 429
180 433
180 434
180 436
180 437
180 2232
180 181
180 728
180 1256
180 1389
180 1393
180 1394
180 1021
180 1022
180 1023
182 183
188 3403
194 536
194 1194
194 605
195 1194
197 536
199 216
201 1541
202 1541
203 3512
203 1541
204 1541
205 1541
216 2340
216 906
216 907
216 908
216 909
216 910
216 911
216 242
216 3309
221 224
221 480
221 444
221 876
221 222
221 223
222 224
222 876
222 223
223 224
223 876
231 3314
232 3314
232 1358
240 431
242 2408
244 5056
244 776
244 3625
244 688
244 5075
244 6133
244 2105
244 954
244 5375
247 248
248 3908
248 2127
248 249
248 1692
248 3486
249 3486
254 1771
259 811
264 583
267 530
269 1808
269 530
270 547
270 550
270 584
270 553
270 1771
270 541
270 542
276 2592
276 2521
283 290
283 1066
286 1193
286 1892
290 3091
293 3280
294 352
295 3314
298 1901
304 3314
305 1595
316 1062
320 567
322 3236
322 1229
322 2478
322 1391
322 1392
322 1524
322 661
322 662
322 1528
323 3314
324 3089
324 2596
324 3229
325 1530
325 326
326 1530
326 2574
331 1194
338 3106
340 1253
340 2351
345 3314
345 2059
345 3235
347 509
353 868
361 2617
363 1771
363 364
364 367
364 1264
364 1778
364 2266
367 642
368 1816
368 863
391 536
391 1194
392 536
392 1194
392 583
394 395
395 396
397 448
397 1005
400 3506
400 2863
402 2153
403 483
408 3616
411 483
413 1259
413 557
413 558
413 559
413 560
413 561
413 441
414 536
414 868
414 530
414 605
416 417
424 1453
424 3237
428 431
429 437
430 431
431 433
431 434
431 1021
431 1022
431 1023
441 558
442 3280
444 513
444 516
444 1319
447 1816
447 863
453 459
454 459
455 459
456 459
457 459
458 459
459 835
459 460
459 463
465 1315
465 479
468 470
477 1682
478 513
478 516
478 1319
478 483
478 2717
479 483
479 482
479 1315
479 895
480 481
480 516
480 513
480 1319
481 513
481 516
481 1319
482 1315
482 483
483 1184
483 4037
483 3143
483 1590
483 2717
485 1194
486 536
486 605
490 493
491 493
492 493
493 494
493 495
496 3186
496 498
496 499
496 500
496 501
496 502
496 504
496 505
496 506
496 507
498 834
498 3186
498 1406
499 834
499 3186
499 1406
500 3186
500 501
500 502
501 3186
502 1415
502 3625
502 3186
502 2105
507 3186
508 834
508 1406
509 512
509 513
509 514
509 515
509 516
509 1057
509 1062
509 1056
509 1064
509 1068
509 1314
509 1059
509 1054
509 1060
509 510
510 1057
510 1059
510 1060
510 1062
510 1068
510 515
510 1054
510 1055
511 1062
512 1056
512 513
512 515
512 516
512 1062
512 1060
513 514
513 515
513 516
513 2272
513 1056
513 1058
513 1059
513 1060
513 1317
513 1318
513 1319
513 1064
513 553
513 1073
513 1316
513 1062
513 1010
514 1059
514 516
514 1062
514 1056
514 1129
514 1073
514 1010
514 515
514 1060
514 2938
514 1435
514 735
515 1059
515 516
515 1057
515 1062
515 1056
515 1064
515 1065
515 1058
515 1435
515 1010
515 1054
515 1060
515 1423
516 1059
516 1056
516 1062
516 1060
517 572
530 3840
530 6155
530 3301
530 2599
530 6156
530 605
530 536
530 3933
530 3973
532 536
532 605
536 685
536 2386
536 718
536 3093
538 5080
538 3211
538 6156
538 6155
541 542
541 543
541 544
541 545
541 546
541 547
541 548
541 549
541 550
541 551
541 552
541 553
541 554
541 555
541 1330
541 1331
541 1332
541 1950
541 585
541 979
541 980
541 1771
542 546
542 547
542 550
542 554
543 584
543 547
543 550
544 546
544 547
544 550
544 552
544 553
545 552
545 584
545 547
545 745
546 547
546 548
547 548
547 549
547 555
550 1218
550 827
550 1702
550 934
550 552
550 553
550 1002
550 584
550 979
550 745
550 890
550 1289
551 552
552 1330
552 1331
552 980
553 583
553 584
553 745
553 1289
553 1950
554 995
554 1685
557 561
557 558
557 559
558 1553
558 559
558 561
567 3535
567 1714
567 1690
567 892
568 569
568 1194
568 2205
568 2207
569 1194
569 2205
569 1359
570 605
572 914
572 804
572 574
572 573
583 2202
583 3995
583 2352
583 2615
583 1218
583 2635
583 584
583 585
583 586
583 587
583 588
583 589
583 590
583 591
583 592
583 2007
583 1241
583 1242
583 995
583 890
583 2046
584 2352
584 980
584 745
586 1241
586 1242
586 591
591 1241
591 1242
592 4608
592 4651
601 603
601 602
601 2267
602 603
603 739
603 740
603 1367
603 1187
603 757
603 759
603 1304
604 1583
605 2386
605 3093
606 2763
606 6301
607 972
609 6202
609 1194
609 1006
610 1527
615 1194
617 6048
619 1425
620 1425
622 1427
630 1194
636 1914
643 864
643 3096
643 1682
647 2328
649 1511
652 2221
666 667
666 668
666 669
666 670
666 671
667 668
667 669
667 670
667 671
670 673
670 671
680 1914
682 1704
682 1189
682 5807
683 1695
685 1194
688 2081
689 2284
689 1828
689 1829
690 2284
690 1828
690 1829
696 704
696 697
696 705
696 702
696 703
704 1527
706 707
708 3506
708 2863
712 736
715 716
717 1194
726 3429
731 1194
734 737
734 1293
734 1010
734 1460
734 920
734 2938
734 735
735 737
735 1293
735 1460
735 920
735 2938
736 1449
736 2724
736 1446
736 1415
736 1129
736 1066
736 1420
736 1069
736 1416
736 1417
736 1418
737 4706
737 2263
737 3735
737 1293
737 1010
737 3251
737 1460
737 919
737 920
737 2938
741 1914
745 746
745 814
745 1983
750 752
750 753
750 751
751 752
751 753
752 753
754 865
754 866
754 1237
754 838
760 828
764 765
765 871
766 1048
766 1050
766 1051
766 1629
766 2110
769 1816
769 863
772 1816
772 863
776 1682
776 1253
778 1453
778 3237
794 795
798 1295
803 3237
804 914
805 819
805 821
810 993
811 865
811 834
811 2973
816 2012
819 820
819 821
822 1353
822 899
825 826
826 1692
828 1692
834 1407
834 1404
834 2877
834 1275
834 1405
834 1406
834 1119
837 840
837 841
837 1306
837 1427
837 839
839 2065
839 1306
840 2065
840 1306
841 2065
841 1306
842 843
842 844
843 844
854 2296
854 3322
854 1594
854 3989
854 3218
855 856
858 2438
861 5977
861 1150
861 1151
864 2328
868 4904
868 2285
868 2039
876 1730
877 1553
883 1553
885 1194
888 1553
890 1553
891 1194
892 893
892 3728
892 2560
895 1236
897 3314
898 3314
899 1352
899 1353
899 1354
899 1355
900 3314
901 3314
901 2059
902 3314
902 1527
903 1360
903 3314
903 4188
908 1901
910 2851
910 1118
912 4129
916 3646
919 2345
919 1293
919 1010
919 1460
919 920
919 2938
920 2345
920 1293
920 3251
920 1460
920 2938
925 1692
932 3694
934 1914
936 937
936 938
936 1633
937 3314
937 1527
938 3314
938 1527
939 3314
939 1527
940 1692
940 2221
941 1692
943 2807
948 949
949 950
954 2105
954 1682
954 1253
955 1892
977 1727
977 2911
980 1289
980 2258
980 1874
981 1253
981 2351
983 1073
990 1521
990 3665
1002 1286
1002 1518
1006 1192
1006 1354
1006 1193
1010 1064
1010 3735
1010 1073
1010 3251
1010 1460
1010 1493
1010 2938
1010 1435
1015 1724
1026 3237
1026 3278
1039 1040
1041 3192
1044 1594
1044 1661
1044 1045
1045 1046
1046 1215
1048 1629
1050 1629
1051 1629
1054 1062
1054 1060
1055 1060
1056 1062
1056 1059
1056 3286
1056 2841
1057 1062
1057 1060
1058 1064
1058 1060
1059 1062
1059 1068
1059 1060
1060 1062
1060 1064
1060 1314
1060 1068
1061 1068
1062 1068
1062 1314
1065 1423
1066 1449
1066 2724
1066 1253
1066 1446
1066 1415
1066 1416
1066 1417
1066 1418
1066 1419
1066 1420
1066 1069
1066 1129
1066 2199
1069 1449
1069 1446
1069 1417
1069 1419
1069 1420
1069 1129
1069 1304
1069 1418
1071 1072
1071 1427
1071 1141
1073 3183
1073 1304
1073 1435
1073 1470
1073 1471
1095 3622
1119 1406
1129 2724
1129 1446
1129 1415
1129 1416
1129 1417
1129 1419
1129 1420
1129 1449
1129 1304
1129 1418
1129 1450
1141 1143
1148 2056
1148 3828
1148 2212
1150 5977
1154 2619
1157 1967
1160 1162
1163 1166
1163 1167
1164 1682
1164 1719
1166 1167
1176 1178
1177 1178
1178 3202
1178 2491
1178 3204
1178 3201
1178 3203
1178 1180
1181 3191
1189 2365
1190 1192
1190 2456
1190 1194
1190 2853
1190 6237
1192 1682
1192 1194
1193 6202
1193 1194
1194 2859
1194 3977
1194 3339
1194 2651
1194 3090
1194 2456
1194 1554
1194 2708
1194 2200
1194 2205
1194 3358
1194 2207
1194 1824
1194 3761
1194 1627
1194 2853
1194 2855
1194 1195
1194 1207
1194 2874
1194 3423
1194 4029
1194 3392
1194 2369
1194 1351
1194 1352
1194 1353
1194 1354
1194 3280
1194 2854
1194 3671
1194 3664
1194 6237
1194 3365
1194 1250
1194 3366
1194 2152
1194 2285
1196 1197
1196 1198
1196 1199
1196 1200
1196 1201
1196 2398
1205 2661
1205 1206
1205 1208
1205 1209
1205 1531
1205 3292
1206 2660
1206 1208
1206 1209
1206 1531
1206 3292
1206 3293
1207 1353
1207 1354
1208 1209
1208 1531
1208 2661
1209 1531
1209 2661
1210 1211
1225 1524
1225 1229
1225 2478
1225 1527
1227 1524
1227 1229
1228 1524
1228 1229
1229 3236
1229 1230
1229 1392
1229 1524
1229 2478
1229 1528
1230 1524
1235 1236
1236 1589
1236 1237
1236 1238
1237 1238
1239 1306
1241 1242
1247 1704
1247 4378
1247 5807
1247 3598
1247 1295
1253 1415
1253 3625
1253 2105
1253 1716
1253 2378
1253 1279
1259 1553
1260 2432
1260 2848
1260 3894
1260 2423
1260 3034
1263 1682
1267 2134
1267 2135
1275 1406
1286 1513
1286 1514
1286 1517
1286 1511
1289 3302
1289 1290
1289 1771
1289 1331
1289 1816
1293 2345
1293 2263
1293 3251
1293 1460
1293 2938
1295 2248
1295 1427
1302 2752
1304 1443
1304 1444
1304 1445
1304 1446
1304 1448
1304 1450
1304 1420
1304 1493
1304 1494
1304 1449
1306 2065
1317 1319
1318 1319
1344 1526
1346 1347
1351 1353
1352 1353
1353 2369
1353 1354
1354 1682
1356 2059
1360 3314
1360 3315
1360 1527
1371 1373
1371 1374
1371 2391
1374 2391
1376 1914
1390 3314
1391 1528
1391 3314
1391 1527
1392 2478
1392 3314
1392 2452
1392 3797
1392 1527
1392 1528
1392 1524
1398 1403
1402 1403
1404 1406
1405 1406
1406 1407
1406 2877
1415 1449
1415 2199
1415 1420
1415 1417
1416 1420
1416 1449
1417 2199
1417 1420
1417 1449
1418 1420
1418 1449
1419 2724
1419 1446
1419 1420
1419 1449
1420 1449
1420 2724
1420 1446
1421 2105
1421 3625
1424 1425
1425 2147
1425 1426
1425 4035
1427 1704
1427 1682
1427 1428
1427 4378
1428 5521
1433 1682
1435 1470
1435 1471
1438 2539
1445 1450
1446 1449
1446 2841
1449 2724
1449 1450
1453 3237
1453 3278
1454 1914
1456 1458
1458 3105
1460 4706
1460 2263
1460 3735
1460 3251
1465 3977
1470 1471
1495 1497
1495 1682
1496 1497
1496 1682
1497 1682
1513 1514
1513 1518
1515 1527
1519 1520
1519 1771
1521 3371
1521 2463
1524 3236
1524 2478
1524 1528
1526 1528
1526 3065
1526 1527
1527 2949
1527 2443
1527 2580
1527 3481
1527 2329
1527 1692
1527 3373
1527 4918
1527 4922
1527 3467
1527 4925
1527 4926
1527 2059
1527 2756
1527 4040
1527 4559
1527 4051
1527 2904
1527 1631
1527 1633
1527 4924
1527 2540
1527 3881
1528 3236
1528 2478
1528 2786
1530 2574
1531 2661
1534 2304
1541 3137
1552 1553
1553 3616
1553 1554
1556 1776
1556 1777
1570 1571
1572 3628
1582 4032
1582 1635
1582 4030
1582 2406
1582 2407
1582 3821
1582 3854
1582 1598
1582 4031
1582 3581
1582 3582
1582 3583
1587 2248
1589 1682
1594 3322
1594 3218
1594 5973
1598 3584
1598 4032
1598 1635
1598 4030
1598 2406
1598 2407
1598 3820
1598 3821
1598 3811
1598 3854
1598 2742
1598 4031
1598 3582
1598 3583
1602 1633
1629 3246
1629 2110
1631 3314
1633 3314
1648 2199
1652 1655
1656 2352
1656 1771
1661 3622
1662 1682
1670 1914
1673 1677
1676 1677
1682 2432
1682 3089
1682 3350
1682 3355
1682 3229
1682 2848
1682 3107
1682 2596
1682 2858
1682 2475
1682 2607
1682 1848
1682 3277
1682 3282
1682 2874
1682 3370
1682 3691
1682 2411
1682 2412
1682 3320
1682 2426
1682 3114
1683 1719
1692 3266
1692 2703
1716 2351
1724 1787
1727 2753
1728 2028
1728 2012
1739 3020
1745 3322
1746 2516
1760 3065
1761 3278
1771 3524
1771 1964
1771 3409
1771 3029
1771 5147
1776 1777
1778 1810
1797 3314
1808 3301
1808 3599
1808 3095
1808 2895
1808 3973
1809 1810
1810 3243
1810 3626
1810 3790
1816 1964
1817 2114
1827 6224
1827 2753
1827 6340
1834 3336
1834 3331
1838 2281
1843 2325
1861 3819
1869 2304
1889 2248
1908 2212
1912 2488
1913 2269
1916 3087
1918 3647
1967 3672
1967 2422
2036 2238
2040 2041
2056 2212
2056 3828
2059 3399
2059 3314
2059 3226
2094 2291
2096 4106
2105 6045
2114 2179
2128 3217
2128 2931
2134 2135
2143 3314
2153 3242
2173 2596
2186 3259
2212 6207
2217 3590
2238 3469
2263 4706
2263 2345
2263 2938
2265 3106
2265 2299
2269 2486
2271 2273
2281 3217
2282 5122
2282 4883
2323 2715
2325 2440
2328 3704
2338 2507
2361 2641
2361 3622
2364 6155
2364 5007
2364 6156
2364 3599
2385 2693
2386 3552
2391 3303
2391 6133
2391 6134
2391 5373
2391 5374
2391 5375
2411 3320
2411 2848
2411 2412
2411 3822
2412 2848
2412 3822
2422 4513
2422 2738
2423 2432
2423 3110
2423 3111
2423 3894
2423 2424
2423 2426
2423 2427
2423 3034
2424 2432
2424 3034
2424 3894
2426 2432
2426 3034
2426 3894
2427 2432
2427 3034
2427 3894
2432 2848
2432 3110
2432 3111
2432 3894
2432 3034
2436 2437
2452 3797
2461 2954
2461 2462
2462 2954
2472 3344
2472 2954
2472 3343
2480 3690
2480 3691
2482 3177
2487 2488
2496 3314
2509 2636
2509 3300
2540 3314
2542 3514
2546 3314
2569 3314
2586 5658
2593 4039
2596 3089
2596 3229
2603 2833
2603 3623
2618 3790
2636 3300
2643 4605
2659 2881
2660 2661
2661 3292
2661 3293
2677 3160
2677 3159
2682 4024
2686 3065
2695 4408
2714 3611
2715 3160
2715 3159
2720 3314
2725 3381
2730 2851
2730 3316
2737 2738
2811 3011
2848 2858
2848 3822
2848 3034
2851 3316
2858 3822
2865 3160
2865 3299
2883 3691
2896 2897
2898 3611
2904 3314
2938 3735
2938 3251
2938 4706
2947 3314
2947 3347
2948 6552
2957 3394
2997 2998
3014 5122
3020 3024
3034 3110
3034 3111
3034 3894
3065 3398
3071 3235
3089 3277
3089 3229
3092 3097
3103 3106
3110 3894
3111 3894
3117 3552
3127 3690
3127 3762
3143 3691
3158 3159
3159 3160
3167 3690
3180 3186
3207 3852
3207 3615
3218 3640
3218 4041
3218 3322
3223 4044
3223 3364
3229 3587
3229 3277
3237 3278
3250 3339
3251 3735
3259 3376
3259 3461
3260 3261
3278 3612
3308 3315
3311 3797
3314 3373
3314 3385
3314 4922
3314 3467
3314 4040
3314 4559
3314 4051
3314 3413
3314 4188
3314 4923
3314 3881
3315 4188
3315 3323
3321 3640
3321 3322
3322 3328
3322 3336
3322 3640
3324 4942
3328 3330
3328 3332
3328 3334
3328 3336
3328 3411
3328 4939
3332 3640
3332 4041
3334 5122
3335 3336
3335 5122
3336 5122
3343 3344
3347 4023
3364 4044
3364 3646
3371 3372
3384 3385
3411 4152
3545 3621
3552 3682
3578 3852
3606 3607
3614 3852
3614 3615
3625 6045
3640 4041
3646 4044
3646 4043
3646 5489
3681 4152
3686 4038
3690 3691
3713 5122
3713 4883
3834 3911
4033 4034
4341 4921
4608 4651
4883 5122
4883 5680
4883 5498
4883 5499
5122 5680
5122 5498
5122 5499
5655 5702
6067 6068
