1 1073
3 4
4 726
4 6
5 62
5 7
6 746
6 550
14 1388
21 451
23 35
23 36
26 180
26 596
26 1388
26 31
31 596
38 3113
39 362
40 984
40 41
40 42
40 3291
40 3213
41 42
41 3213
41 47
41 984
41 362
44 3457
44 3113
44 1149
44 3213
44 2487
46 3113
47 362
47 3213
47 646
48 319
51 3313
51 3797
51 2422
52 3288
60 3376
60 488
60 745
60 272
60 1073
60 148
60 3510
60 983
60 88
60 3001
60 92
60 61
60 1304
60 1320
61 3772
61 481
61 1890
61 67
61 3397
61 1320
61 1996
61 490
61 491
61 972
61 493
61 783
61 451
61 3193
61 1994
61 606
62 2063
63 1304
65 1304
65 983
66 3193
68 3322
68 69
69 3334
69 3335
69 3336
69 3337
69 1745
71 75
84 1164
88 424
88 222
89 776
89 954
90 91
92 736
92 1417
92 93
92 3303
95 408
95 337
95 340
99 1155
101 3217
103 106
106 2789
110 3287
111 2072
111 3784
117 2318
118 3552
120 486
121 486
130 1048
130 1198
131 1048
131 196
131 1198
132 1048
132 2072
132 1198
134 563
134 564
134 565
134 927
144 1558
147 3329
148 1073
148 1155
149 1155
149 717
152 438
152 2631
158 360
159 3298
163 2291
180 596
188 3847
189 955
191 341
191 2007
193 216
193 751
196 410
198 2105
198 3625
199 3237
199 3278
203 1541
213 1599
214 1661
215 1690
216 322
216 3236
216 1901
216 801
216 1736
216 4235
216 1228
216 1229
216 2478
216 1391
216 1392
216 1011
216 1524
216 567
216 1528
216 1849
216 1530
216 3535
216 1690
222 3001
222 340
231 3387
231 3398
232 2561
233 3595
233 3438
233 262
234 858
234 804
237 1042
239 2245
239 2807
244 505
244 834
244 401
246 3237
246 3278
248 3595
254 874
259 776
259 954
262 834
262 3237
262 3278
262 1406
262 2687
263 2523
264 2040
264 2041
264 4651
264 4608
270 1073
270 2615
270 980
270 542
270 543
271 1155
274 505
274 834
274 813
283 290
283 1419
283 1415
288 1534
295 323
295 3314
295 3315
295 3385
295 345
295 2143
298 1901
298 3278
298 3237
305 1595
309 987
314 988
319 1760
322 3236
322 2597
322 1225
322 2478
322 1391
322 1528
322 2484
322 1849
322 1530
323 3314
325 326
326 610
326 2539
326 1438
329 3237
329 3278
340 1155
340 2789
340 3625
340 2105
340 3231
345 3385
345 826
345 2817
345 822
346 4381
353 834
360 2568
360 2064
363 955
364 800
366 644
370 373
389 533
389 3135
392 1241
392 588
392 550
400 711
402 6061
410 891
412 441
412 558
413 441
413 561
413 557
413 558
413 559
420 486
420 3127
424 3001
428 1023
431 1023
433 1023
434 1023
438 868
438 2603
438 2833
438 607
438 1373
438 895
441 560
441 561
441 558
442 821
442 1015
450 2633
450 3125
450 2993
451 522
451 526
453 463
460 759
463 4521
477 2848
477 2858
477 2411
477 2412
480 1181
480 3191
486 1600
486 1808
486 674
486 1031
486 4045
486 1424
486 2200
486 3992
486 3285
487 488
488 1073
488 983
488 1435
496 1155
500 1155
505 1155
505 813
505 2515
509 1054
510 1054
513 2174
513 1415
515 2174
519 520
519 521
519 1461
519 1462
538 4594
538 4762
541 544
542 3106
542 980
548 979
550 552
550 588
551 552
552 553
552 1331
552 980
553 1248
553 2635
553 1331
553 3376
557 561
557 558
558 2633
558 561
558 1591
559 929
559 1259
559 561
560 561
561 1259
563 929
563 564
563 927
564 929
566 929
567 1601
567 4774
567 1953
567 873
567 3470
567 2063
567 1974
567 3657
567 1690
567 1599
567 1439
568 1724
569 3278
570 4425
570 3974
570 2894
570 1175
579 1155
581 1465
582 2993
583 2040
583 2041
583 4651
583 4608
585 979
591 2635
601 602
601 4045
603 757
609 799
610 1026
610 3278
610 2574
610 1212
610 1342
611 1006
622 5081
622 1427
622 1599
636 1155
643 644
644 864
646 1912
647 1912
649 1286
649 1511
649 1513
649 1516
649 1517
649 1518
659 5266
661 1230
667 2777
670 1601
670 671
671 1466
671 1439
674 3127
680 1155
680 3237
680 3278
687 1155
688 1153
689 690
689 1627
689 1829
690 1627
690 1829
694 3180
696 705
696 703
697 703
698 705
698 1466
699 705
702 705
702 703
703 704
703 705
704 705
708 711
711 3257
715 716
735 745
735 2174
736 1417
736 1073
737 1304
740 4045
742 2633
742 3125
742 2993
743 3291
743 3140
743 3141
743 1712
743 2267
743 1662
745 1435
745 1661
748 2253
752 1939
753 1115
753 2267
754 865
754 866
754 838
758 3582
758 1582
759 3143
762 2779
762 3245
762 1907
762 2110
762 1048
762 1050
762 1051
762 2524
762 1629
762 766
764 1324
764 1541
764 870
764 4015
766 3245
766 1907
766 1335
766 1048
766 1051
766 1629
766 2110
776 3625
776 811
776 1155
776 2105
776 1371
776 3231
777 1529
781 3237
781 3278
787 1369
794 795
799 2253
800 3240
805 821
808 1601
808 873
808 2124
808 3633
808 3324
808 3294
808 3519
811 954
811 2542
812 2073
813 1981
822 3235
822 1356
823 2500
826 3709
826 3385
826 3071
831 3364
832 3364
833 3364
834 1415
834 1066
834 1163
834 3377
834 2515
834 3198
834 2841
834 1177
834 2174
834 2687
839 840
841 2065
842 2105
842 3625
850 2118
852 1601
852 3237
852 3278
854 1155
859 861
859 2391
860 1144
860 861
861 2012
861 1296
861 2641
861 2134
861 3193
861 1051
861 1149
868 2039
868 887
873 3237
873 3278
877 1553
877 883
883 3127
883 1552
883 1553
883 1554
883 1015
883 888
883 890
886 1155
888 1553
890 1553
897 900
898 900
899 1356
900 2947
900 901
900 902
900 903
900 2569
900 3373
900 2546
900 3235
900 3385
900 2682
904 3673
907 909
908 909
909 2340
909 3309
909 910
909 911
910 3309
910 1118
910 911
911 3309
917 918
925 3266
927 929
928 2063
930 1456
930 2633
930 3105
930 3125
930 2993
933 3156
934 1155
937 1852
943 2807
948 1155
949 1155
950 1155
954 3625
954 2105
954 1371
954 3231
955 2474
955 3229
955 3089
955 2266
955 2526
960 2073
964 1656
981 1155
983 4141
983 1073
983 3224
983 1435
990 1521
990 1523
990 3665
990 1519
1002 1518
1004 1978
1011 1529
1011 1381
1012 1455
1015 2073
1015 3278
1021 2232
1022 2232
1022 1023
1023 2853
1023 2232
1026 3315
1026 4235
1026 3422
1031 3127
1044 1371
1044 1046
1044 3367
1045 1046
1046 4050
1046 1322
1046 3763
1048 3245
1048 1198
1048 1629
1048 1200
1048 2110
1048 1050
1048 1051
1050 1629
1050 2110
1050 3245
1051 3245
1051 1335
1051 2110
1054 1062
1056 1369
1056 1415
1063 2739
1063 3700
1063 3709
1064 2174
1066 1417
1066 1163
1066 1418
1066 2174
1067 1155
1069 1443
1069 1446
1069 1449
1069 1450
1069 1420
1069 3376
1069 1073
1069 1494
1069 1129
1069 1304
1073 1418
1073 1420
1073 4141
1073 3224
1073 1304
1073 1443
1073 1444
1073 1446
1073 1448
1073 1449
1073 1450
1073 3510
1073 1494
1073 2724
1073 3193
1095 1553
1119 2687
1126 4917
1126 2591
1129 1443
1129 1449
1129 1450
1129 1420
1129 3376
1129 1494
1131 3149
1141 1810
1141 1143
1143 1810
1148 2056
1148 3419
1149 3457
1149 2081
1149 2145
1149 1868
1149 1296
1150 1237
1152 1155
1153 1154
1153 2619
1154 2619
1155 3733
1155 1670
1155 1571
1155 3974
1155 3625
1155 1454
1155 4026
1155 1611
1155 1376
1155 1511
1155 1771
1155 1914
1155 1279
1159 4993
1159 4644
1160 3227
1162 3309
1162 2477
1162 3278
1162 3237
1163 1166
1163 1167
1165 3237
1165 3278
1166 3315
1182 6305
1182 1183
1190 2853
1190 2207
1194 2853
1194 3358
1195 2487
1196 1197
1196 1198
1196 1199
1196 1200
1196 1201
1196 2398
1202 3662
1204 2716
1218 1522
1221 1781
1221 3477
1229 1530
1230 1797
1236 1237
1236 2063
1243 2716
1247 2552
1253 4907
1260 2432
1260 2426
1260 3291
1260 3213
1261 2542
1263 1712
1263 2057
1263 1795
1267 2134
1268 3644
1275 1404
1286 1518
1286 1513
1289 2448
1291 3237
1291 3278
1295 1427
1304 1443
1304 1445
1304 1448
1304 1449
1304 1450
1304 3627
1304 1420
1304 1494
1304 2938
1304 1435
1331 3376
1345 2138
1349 3667
1350 5961
1351 1354
1356 2059
1356 3226
1360 2720
1360 2540
1367 3143
1368 1747
1369 1865
1371 2603
1371 1541
1371 2391
1371 2833
1371 2583
1371 2398
1374 2391
1374 2603
1374 2351
1384 1601
1387 2716
1388 3356
1388 1389
1391 1849
1391 3236
1391 1530
1392 1528
1398 1400
1398 1628
1404 3625
1406 2687
1415 3376
1417 1418
1418 3376
1420 1446
1420 1449
1422 2487
1427 3103
1427 1428
1428 3104
1428 3107
1429 3127
1435 2174
1436 1760
1436 2244
1439 1690
1440 2107
1443 1446
1443 1449
1444 1448
1446 1449
1446 1450
1446 3376
1446 1494
1449 1450
1449 3376
1449 1494
1456 2633
1456 3125
1456 2993
1462 1463
1466 3234
1466 1962
1466 2738
1466 2422
1466 2904
1475 3237
1475 3278
1476 3127
1478 3127
1495 3229
1496 3229
1497 3229
1511 2519
1511 1518
1511 1513
1513 1516
1513 1517
1514 1518
1515 1518
1516 1517
1516 1518
1517 1518
1518 4833
1518 3078
1518 2422
1518 2519
1521 2692
1521 2463
1522 1523
1523 2422
1528 1736
1530 2316
1534 2154
1537 1760
1538 1760
1538 1804
1538 1612
1538 4046
1538 4047
1538 4048
1538 4049
1538 3924
1538 1624
1538 2334
1541 3919
1552 1553
1553 3127
1553 2895
1553 1554
1553 3095
1556 1776
1556 1777
1567 2716
1589 2267
1594 4486
1595 3024
1595 1739
1599 2244
1600 1808
1601 1714
1605 2113
1605 1762
1605 3667
1607 2716
1612 3237
1612 3278
1613 1760
1613 3237
1613 3278
1614 2171
1627 1828
1627 1829
1628 3445
1629 3245
1629 1907
1629 2110
1633 3309
1649 3555
1649 2004
1649 1749
1655 2008
1656 3237
1661 3622
1661 3623
1661 2449
1661 2267
1662 3229
1662 3421
1674 3343
1682 3229
1696 2716
1706 2244
1714 3237
1714 3278
1726 2449
1727 4634
1727 2911
1735 2716
1736 2224
1736 4948
1736 2245
1739 3024
1739 3020
1745 3713
1745 1882
1745 3334
1749 3237
1749 3278
1750 1754
1760 5563
1760 3237
1760 3398
1760 2561
1760 3278
1760 2063
1760 4833
1761 3422
1763 3237
1763 3278
1769 3089
1769 3229
1772 4717
1772 4718
1786 5979
1786 5980
1786 6061
1789 3237
1789 3278
1804 3467
1808 4045
1815 4208
1843 2440
1852 1962
1861 3692
1868 2304
1868 2065
1868 3607
1869 2304
1873 2362
1873 3291
1873 3140
1873 3141
1873 2267
1881 2716
1882 4605
1882 3334
1882 3335
1888 3439
1892 6057
1901 3237
1901 3278
1912 3622
1912 2488
1912 1913
1912 2267
1912 2269
1936 2487
1938 2716
1951 3899
1951 3900
1962 1963
1962 2422
1971 3701
2004 3555
2004 3237
2004 3278
2007 3376
2012 2911
2018 2716
2035 2346
2035 4020
2035 2677
2035 3158
2035 3160
2035 3161
2035 3162
2035 2715
2047 2329
2048 3645
2056 3419
2057 2267
2057 2060
2060 3370
2060 2267
2060 3140
2060 3141
2072 3166
2073 2483
2073 3187
2073 3199
2083 3237
2083 3278
2091 2716
2093 3645
2096 2097
2096 3647
2097 4486
2097 3647
2099 3377
2105 3137
2105 3625
2110 3245
2128 2281
2128 3217
2144 2716
2185 3214
2187 3237
2187 3278
2205 2318
2209 3258
2211 3237
2211 3278
2229 3334
2232 2853
2238 3469
2266 2475
2266 3229
2267 3370
2267 2449
2269 2486
2280 2281
2281 2291
2284 6299
2316 3065
2316 3082
2317 3291
2325 2440
2329 4833
2329 4004
2329 4921
2346 4020
2346 2677
2346 3158
2346 3160
2346 3161
2346 3162
2346 2715
2349 5688
2351 2391
2353 3645
2362 3291
2362 3140
2362 3141
2369 5004
2385 4667
2386 3287
2386 3479
2386 3095
2391 2603
2391 2583
2391 2398
2398 3303
2405 3334
2411 2848
2412 2848
2426 2432
2452 2453
2453 3313
2458 2523
2459 2523
2465 2466
2471 3316
2472 3343
2475 2477
2487 2488
2499 2546
2519 3081
2540 2720
2542 2816
2586 5658
2586 2588
2586 5778
2591 3584
2591 3364
2591 3147
2591 3645
2591 3223
2591 3581
2591 3646
2593 3331
2633 3105
2633 2993
2635 4608
2635 4651
2635 3198
2650 3992
2676 3793
2677 3160
2677 4020
2677 3298
2684 3237
2684 3278
2688 3916
2689 2716
2699 3237
2699 3278
2710 3645
2715 4020
2715 3530
2715 3422
2716 3661
2716 4051
2716 4053
2716 4026
2716 4052
2724 3376
2730 2851
2730 3316
2750 3326
2789 3552
2806 3433
2821 3114
2833 4008
2841 3387
2848 2858
2848 3213
2854 2874
2904 3234
2909 3398
2926 3622
2930 2982
2993 3105
2993 3156
2993 3125
3014 5122
3020 3024
3034 3213
3054 3055
3065 4833
3065 3314
3090 3421
3105 3125
3127 3992
3127 3285
3137 3625
3143 3758
3158 4020
3159 3163
3160 3530
3160 4020
3161 4020
3162 4020
3198 5096
3198 3597
3198 3377
3198 5342
3198 3263
3200 5112
3205 3349
3212 3213
3213 4450
3213 3291
3214 3382
3218 3321
3218 3322
3222 3223
3223 3364
3223 3645
3224 4141
3231 3232
3231 3233
3232 3233
3237 4097
3237 4098
3237 4099
3237 3950
3237 4396
3237 4013
3237 4022
3237 4155
3237 4046
3237 4048
3237 4049
3237 3924
3237 4047
3237 5087
3237 4176
3237 4402
3237 3310
3237 4172
3237 4081
3237 3324
3245 5470
3255 3662
3258 3322
3259 3376
3260 3261
3263 4127
3278 4097
3278 4098
3278 4099
3278 3950
3278 4235
3278 4396
3278 4013
3278 4022
3278 4155
3278 4046
3278 4048
3278 4049
3278 3924
3278 4047
3278 5087
3278 4176
3278 4402
3278 3310
3278 4172
3278 4081
3278 3315
3278 3324
3286 3520
3298 3530
3310 3316
3311 3315
3311 3797
3315 3845
3315 5497
3315 3323
3320 3517
3321 3322
3322 3334
3322 3856
3328 3330
3328 3331
3329 3331
3334 4378
3334 3335
3334 3336
3334 4937
3334 4938
3334 4269
3334 4607
3363 4381
3364 4042
3364 4043
3364 4044
3364 3646
3385 5266
3411 3856
3420 3653
3450 4019
3479 4100
3500 6549
3500 6550
3500 6551
3505 3862
3577 4165
3597 4127
3604 3605
3644 4838
3645 3938
3652 5961
3681 3826
3681 4910
3690 3691
3713 5122
3899 3900
3899 4054
3922 3923
3922 3924
3923 3924
4019 4427
4127 5096
4127 5342
4341 4921
4608 4651
4921 5167
4944 5979
4944 5980
4944 6077
4944 6078
5122 5499
5526 5696
